,Open,High,Low,Close,Volume
2017-03-27 10:00:00,635.55,639.38,623.6,624.25,14836244
2017-03-28 10:00:00,629.0,632.0,621.0,623.2,9923868
2017-03-29 10:00:00,625.85,630.0,616.68,629.6,8651574
2017-03-30 10:00:00,627.5,637.38,626.5,633.8,12737718
2017-03-31 10:00:00,633.0,668.82,633.0,660.3,20751038
2017-04-03 10:00:00,671.0,690.25,668.52,686.62,20520654
2017-04-05 10:00:00,697.6,709.0,690.05,707.52,18434720
2017-04-06 10:00:00,704.5,724.4,701.1,717.0,23142150
2017-04-07 10:00:00,710.65,717.0,701.28,702.62,14572302
2017-04-10 10:00:00,705.0,712.45,688.65,692.38,14066282
2017-04-11 10:00:00,693.92,700.22,685.05,687.85,14743454
2017-04-12 10:00:00,691.4,693.22,675.58,677.5,12548430
2017-04-13 10:00:00,677.0,686.7,673.68,682.9,5812376
2017-04-17 10:00:00,682.5,697.78,682.5,695.72,5411708
2017-04-18 10:00:00,699.98,705.0,683.5,684.5,7322166
2017-04-19 10:00:00,684.5,691.28,678.78,684.98,5290584
2017-04-20 10:00:00,689.5,693.4,682.05,685.22,3837224
2017-04-21 10:00:00,690.25,710.5,689.28,702.5,13820554
2017-04-24 10:00:00,704.52,717.5,700.1,708.92,11663462
2017-04-25 10:00:00,730.0,733.88,713.05,715.5,16807408
2017-04-26 10:00:00,717.5,720.02,701.3,708.25,7663550
2017-04-27 10:00:00,708.5,712.08,701.1,704.5,5747310
2017-04-28 10:00:00,704.88,710.15,695.5,697.12,5416808
2017-05-02 10:00:00,701.0,701.0,683.2,686.0,8499368
2017-05-03 10:00:00,688.45,690.38,682.5,685.1,4343098
2017-05-04 10:00:00,687.5,689.8,677.02,680.8,6567622
2017-05-05 10:00:00,680.8,683.68,662.5,664.2,7131086
2017-05-08 10:00:00,665.0,669.75,659.18,660.05,7345170
2017-05-09 10:00:00,662.0,666.82,660.12,665.0,9649022
2017-05-10 10:00:00,667.4,681.8,665.32,679.6,10471864
2017-05-11 10:00:00,682.05,684.88,675.82,678.5,6301512
2017-05-12 10:00:00,680.02,682.0,672.02,674.95,3439458
2017-05-15 10:00:00,678.2,678.2,666.8,671.8,3080426
2017-05-16 10:00:00,673.02,688.45,670.5,678.1,5785894
2017-05-17 10:00:00,676.5,682.98,673.88,675.0,4500608
2017-05-18 10:00:00,670.12,675.0,662.05,663.72,4475832
2017-05-19 10:00:00,666.5,667.8,655.0,659.1,5857766
2017-05-22 10:00:00,663.2,666.8,657.6,663.0,4023718
2017-05-23 10:00:00,662.85,664.92,651.0,652.28,4216446
2017-05-24 10:00:00,653.8,656.8,647.6,649.5,6549608
2017-05-25 10:00:00,650.0,656.2,648.22,650.75,11850670
2017-05-26 10:00:00,651.98,672.2,650.0,669.5,9797278
2017-05-29 10:00:00,668.5,682.72,667.8,677.62,10982340
2017-05-30 10:00:00,678.0,682.4,674.2,680.0,4415454
2017-05-31 10:00:00,683.5,683.98,667.9,670.0,7508198
2017-06-01 10:00:00,666.35,670.0,661.5,664.92,4358656
2017-06-02 10:00:00,667.5,669.4,658.5,661.4,5255130
2017-06-05 10:00:00,663.12,670.5,657.92,665.0,4953412
2017-06-06 10:00:00,666.98,666.98,655.5,656.25,4384712
2017-06-07 10:00:00,655.6,671.0,654.5,669.5,5119908
2017-06-08 10:00:00,670.0,672.4,664.02,666.95,3613042
2017-06-09 10:00:00,672.55,676.48,665.5,666.48,6325604
2017-06-12 10:00:00,663.28,664.88,658.5,659.5,3855026
2017-06-13 10:00:00,660.3,663.5,655.5,656.0,2754582
2017-06-14 10:00:00,658.0,680.0,658.0,680.0,24202054
2017-06-15 10:00:00,680.0,697.5,679.55,688.68,12933608
2017-06-16 10:00:00,694.6,697.9,684.6,693.6,14954314
2017-06-19 10:00:00,695.1,707.9,695.1,703.5,6965824
2017-06-20 10:00:00,704.5,711.05,703.72,705.52,4636798
2017-06-21 10:00:00,703.9,714.0,702.12,713.88,9139886
2017-06-22 10:00:00,714.72,722.7,713.85,717.4,10111884
2017-06-23 10:00:00,718.0,721.0,715.3,716.0,14237664
2017-06-27 10:00:00,716.0,721.5,712.5,719.52,14899756
2017-06-28 10:00:00,719.98,719.98,697.78,699.9,7117076
2017-06-29 10:00:00,700.0,705.0,695.05,696.18,5896644
2017-06-30 10:00:00,696.0,696.2,687.52,691.5,3572422
2017-07-03 10:00:00,694.1,697.4,685.5,692.0,4203772
2017-07-04 10:00:00,695.0,713.6,694.5,711.0,8602400
2017-07-05 10:00:00,714.72,723.72,712.0,720.02,12439044
2017-07-06 10:00:00,724.4,725.0,719.0,721.0,6213034
2017-07-07 10:00:00,721.5,748.88,720.0,744.75,16387270
2017-07-10 10:00:00,765.0,775.0,744.6,745.5,1630866
2017-07-11 10:00:00,750.5,752.2,743.5,748.2,9598458
2017-07-12 10:00:00,749.7,762.5,748.75,755.62,7819594
2017-07-13 10:00:00,754.38,762.5,753.08,759.3,10519518
2017-07-14 10:00:00,760.0,768.0,757.78,766.5,9386022
2017-07-17 10:00:00,768.5,779.8,768.5,774.4,8571618
2017-07-18 10:00:00,773.4,775.9,755.5,760.2,8978824
2017-07-19 10:00:00,756.3,769.0,756.3,769.0,5390082
2017-07-20 10:00:00,769.88,775.0,761.85,763.05,6229372
2017-07-21 10:00:00,775.0,795.85,772.48,792.0,44410224
2017-07-24 10:00:00,800.0,812.4,792.5,809.5,19854458
2017-07-25 10:00:00,812.35,812.48,798.8,801.25,9172158
2017-07-26 10:00:00,802.1,814.95,800.55,810.58,10036778
2017-07-27 10:00:00,814.0,815.75,794.18,796.4,8416142
2017-07-28 10:00:00,795.62,802.98,789.0,797.0,6552046
2017-07-31 10:00:00,800.98,809.4,798.0,807.72,7574068
2017-08-01 10:00:00,811.38,811.38,795.75,802.9,5628596
2017-08-02 10:00:00,805.0,817.8,804.0,812.6,9502770
2017-08-03 10:00:00,813.42,832.45,808.52,827.0,9009552
2017-08-04 10:00:00,831.5,831.5,807.6,813.2,8494090
2017-08-07 10:00:00,815.8,815.8,806.28,809.0,4360036
2017-08-08 10:00:00,809.0,810.52,793.4,802.3,5011136
2017-08-09 10:00:00,800.8,810.0,792.5,797.5,4771286
2017-08-10 10:00:00,796.52,803.32,788.98,796.88,4657686
2017-08-11 10:00:00,775.48,790.0,766.5,772.75,7770128
2017-08-14 10:00:00,780.5,792.2,780.5,786.1,6144598
2017-08-16 10:00:00,786.0,788.0,775.1,788.0,6206788
2017-08-17 10:00:00,784.5,798.82,780.58,781.5,7236358
2017-08-18 10:00:00,782.0,788.9,776.58,788.12,3628022
2017-08-21 10:00:00,788.5,792.08,780.12,782.15,3462376
2017-08-22 10:00:00,786.0,789.95,778.02,780.05,4358460
2017-08-23 10:00:00,782.42,793.28,776.58,791.28,3803648
2017-08-24 10:00:00,795.0,796.6,782.2,785.0,5785142
2017-08-28 10:00:00,789.52,790.98,780.6,782.38,5630656
2017-08-29 10:00:00,780.92,783.75,765.0,766.02,6932842
2017-08-30 10:00:00,773.78,784.4,770.62,781.75,4724774
2017-08-31 10:00:00,787.5,798.72,787.0,797.7,11476990
2017-09-01 10:00:00,799.92,808.3,799.5,805.98,7054954
2017-09-04 10:00:00,807.75,818.08,797.92,807.5,9856750
2017-09-05 10:00:00,815.0,817.42,810.52,816.08,11528262
2017-09-06 10:00:00,813.2,826.2,811.4,822.0,22285024
2017-09-07 10:00:00,823.0,832.5,815.0,816.6,7408536
2017-09-08 10:00:00,820.0,823.25,812.1,816.95,6056729
2017-09-11 10:00:00,821.3,826.85,816.55,819.5,5801712
2017-09-12 10:00:00,822.75,825.0,817.0,824.5,2971669
2017-09-13 10:00:00,824.0,859.9,822.0,853.4,13430225
2017-09-14 10:00:00,855.8,861.5,842.0,844.2,5425486
2017-09-15 10:00:00,842.0,852.85,834.75,842.0,13072853
2017-09-18 10:00:00,850.0,851.05,843.1,845.2,2314174
2017-09-19 10:00:00,848.7,848.75,837.0,839.0,3528729
2017-09-20 10:00:00,856.1,872.5,845.1,848.0,11402965
2017-09-21 10:00:00,847.0,851.7,836.25,842.95,5920552
2017-09-22 10:00:00,839.9,839.9,813.2,816.95,5620443
2017-09-25 10:00:00,815.0,827.95,805.2,821.0,6505309
2017-09-26 10:00:00,821.7,827.05,812.2,819.2,4829571
2017-09-27 10:00:00,825.6,825.7,795.5,798.4,8434196
2017-09-28 10:00:00,799.65,802.9,780.2,786.25,13508179
2017-09-29 10:00:00,791.75,793.4,779.1,781.2,7619230
2017-10-03 10:00:00,795.0,803.85,785.35,799.0,8387059
2017-10-04 10:00:00,799.2,824.95,795.6,824.0,8643924
2017-10-05 10:00:00,825.0,828.45,818.65,824.0,4860479
2017-10-06 10:00:00,824.0,839.35,822.6,838.2,5942106
2017-10-09 10:00:00,839.0,839.8,828.0,829.25,4046109
2017-10-10 10:00:00,831.0,847.3,831.0,842.25,6734986
2017-10-11 10:00:00,845.3,858.4,836.0,839.0,7049800
2017-10-12 10:00:00,842.1,876.8,842.1,875.6,8522926
2017-10-13 10:00:00,879.3,890.7,873.35,877.35,9833512
2017-10-16 10:00:00,879.0,892.0,861.3,877.5,14633539
2017-10-17 13:30:00,878.0,884.0,867.2,874.8,6354084
2017-10-18 10:00:00,877.4,917.9,875.0,916.4,16765178
2017-10-19 14:20:00,915.8,921.9,903.0,904.0,3664082
2017-10-23 10:00:00,912.9,944.7,909.1,940.1,12551649
2017-10-24 10:00:00,947.7,947.7,928.2,936.2,6335308
2017-10-25 10:00:00,940.1,945.9,929.5,939.3,4577050
2017-10-26 10:00:00,940.0,957.8,931.0,945.3,7698704
2017-10-27 10:00:00,950.0,956.7,925.7,930.95,5256749
2017-10-30 10:00:00,934.0,945.55,930.6,945.35,3576533
2017-10-31 10:00:00,944.95,945.75,932.2,944.05,4345360
2017-11-01 10:00:00,947.75,957.8,945.75,952.35,8033040
2017-11-02 10:00:00,952.8,956.5,944.25,946.8,4698609
2017-11-03 10:00:00,955.95,955.95,940.15,945.95,2193730
2017-11-06 10:00:00,942.5,942.5,929.0,931.35,4460799
2017-11-07 10:00:00,933.35,935.0,903.05,906.5,9347943
2017-11-08 10:00:00,902.5,906.0,884.1,889.5,8115980
2017-11-09 10:00:00,894.75,909.9,892.05,902.9,6860798
2017-11-10 10:00:00,900.95,900.95,879.2,884.9,6365174
2017-11-13 10:00:00,885.0,891.9,873.5,874.9,4155011
2017-11-14 10:00:00,875.0,895.0,873.0,887.5,5706105
2017-11-15 10:00:00,884.5,890.6,877.95,883.25,6981872
2017-11-16 10:00:00,885.5,906.0,885.5,905.25,6931038
2017-11-17 10:00:00,918.95,924.9,908.5,913.0,5586242
2017-11-20 10:00:00,906.2,924.35,905.0,919.0,4220192
2017-11-21 10:00:00,926.8,939.65,925.5,932.05,5980763
2017-11-22 10:00:00,937.45,938.65,923.45,934.1,5055490
2017-11-23 10:00:00,931.0,949.9,926.65,949.7,7329126
2017-11-24 10:00:00,950.0,959.5,947.4,951.25,6394443
2017-11-27 10:00:00,947.25,957.5,944.0,952.5,4680074
2017-11-28 10:00:00,949.85,951.35,938.1,942.4,4641893
2017-11-29 10:00:00,941.85,950.0,941.0,943.45,3674864
2017-11-30 10:00:00,941.45,941.45,919.5,922.5,9434893
2017-12-01 10:00:00,924.45,931.25,907.7,909.5,5081389
2017-12-04 10:00:00,913.5,913.8,897.35,902.6,4618847
2017-12-05 10:00:00,901.05,920.75,895.45,914.3,8369174
2017-12-06 10:00:00,910.0,930.3,908.8,929.0,11007689
2017-12-07 10:00:00,930.05,936.0,923.0,932.45,5529565
2017-12-08 10:00:00,933.85,936.95,919.05,921.3,5588486
2017-12-11 10:00:00,922.45,926.0,913.55,916.5,4933853
2017-12-12 10:00:00,915.95,929.0,908.0,917.75,7215014
2017-12-13 10:00:00,916.9,924.95,910.7,914.75,4182097
2017-12-14 10:00:00,919.0,924.9,908.75,924.0,5021130
2017-12-15 10:00:00,931.0,932.95,917.7,921.0,11158706
2017-12-18 10:00:00,911.95,932.65,862.65,922.45,8494801
2017-12-19 10:00:00,923.6,927.0,920.0,926.85,4064982
2017-12-20 10:00:00,925.9,927.4,917.0,918.75,4774414
2017-12-21 10:00:00,918.45,923.95,910.0,913.0,4147162
2017-12-22 10:00:00,914.65,922.4,909.3,919.8,4872675
2017-12-26 10:00:00,924.85,938.9,918.15,936.0,5301456
2017-12-27 10:00:00,933.0,937.5,919.0,923.25,4352384
2017-12-28 10:00:00,925.25,934.4,919.1,922.6,7091515
2017-12-29 10:00:00,926.5,932.3,918.5,920.1,5069838
2018-01-01 10:00:00,922.7,922.7,907.5,909.5,4321686
2018-01-02 10:00:00,913.0,919.55,906.4,911.5,4342815
2018-01-03 10:00:00,925.0,926.0,913.05,915.5,6175312
2018-01-04 10:00:00,918.15,921.8,915.7,920.5,4118581
2018-01-05 10:00:00,921.8,926.9,920.25,923.0,3401905
2018-01-08 10:00:00,926.1,931.0,923.5,926.6,4035417
2018-01-09 10:00:00,928.15,943.9,924.0,940.0,6534997
2018-01-10 10:00:00,943.0,947.4,935.5,941.5,5361502
2018-01-11 10:00:00,941.8,942.65,935.0,936.9,3588727
2018-01-12 10:00:00,943.0,952.8,938.25,946.6,6890028
2018-01-15 10:00:00,950.0,958.5,945.2,947.6,5084113
2018-01-16 10:00:00,947.7,947.7,920.0,923.8,4948895
2018-01-17 10:00:00,926.0,929.0,907.0,924.1,6036432
2018-01-18 10:00:00,929.0,929.6,915.1,922.0,4289053
2018-01-19 10:00:00,923.0,934.4,922.1,934.2,4559564
2018-01-22 10:00:00,948.0,974.3,940.0,970.2,20892838
2018-01-23 10:00:00,975.0,990.95,975.0,982.05,10298500
2018-01-24 10:00:00,981.75,981.75,962.65,967.95,6532672
2018-01-25 10:00:00,967.9,972.0,956.15,963.95,6249419
2018-01-29 10:00:00,966.2,977.3,959.3,963.7,4524605
2018-01-30 10:00:00,965.8,965.8,949.0,950.0,4198139
2018-01-31 10:00:00,950.0,964.5,941.55,962.0,5738209
2018-02-01 10:00:00,963.25,972.6,936.6,945.0,7554587
2018-02-02 10:00:00,935.0,943.95,901.0,901.9,13242095
2018-02-05 10:00:00,894.0,912.5,881.8,907.0,8773525
2018-02-06 10:00:00,877.0,898.0,871.0,893.4,11000567
2018-02-07 10:00:00,902.55,905.4,890.0,892.45,7100838
2018-02-08 10:00:00,897.9,910.65,892.35,906.2,6320734
2018-02-09 10:00:00,889.0,902.0,886.0,899.95,5294279
2018-02-12 10:00:00,903.0,918.2,902.05,914.0,5429792
2018-02-14 10:00:00,923.0,942.5,921.0,929.0,10170959
2018-02-15 10:00:00,937.65,945.75,928.15,936.1,6109454
2018-02-16 10:00:00,939.6,942.6,918.1,920.45,4401672
2018-02-19 10:00:00,921.0,932.0,913.55,928.3,4087936
2018-02-20 10:00:00,929.0,929.55,918.8,919.9,3866919
2018-02-21 10:00:00,930.0,932.5,922.15,929.0,5448230
2018-02-22 10:00:00,922.0,931.0,920.0,921.0,5118850
2018-02-23 10:00:00,925.4,938.0,922.75,934.0,4850839
2018-02-26 10:00:00,939.0,944.9,936.6,938.75,3856478
2018-02-27 10:00:00,939.0,955.8,938.35,951.5,6410097
2018-02-28 10:00:00,945.95,957.1,943.2,951.0,25898694
2018-03-01 10:00:00,949.75,959.9,945.95,948.05,4094652
2018-03-05 10:00:00,943.0,950.15,921.6,922.65,5634893
2018-03-06 10:00:00,929.0,936.2,905.1,908.65,7323680
2018-03-07 10:00:00,909.25,909.25,888.05,892.4,7247708
2018-03-08 10:00:00,897.65,914.5,893.3,911.0,6072983
2018-03-09 10:00:00,914.9,919.35,911.05,915.0,4863577
2018-03-12 10:00:00,920.0,933.1,917.55,931.95,3801407
2018-03-13 10:00:00,931.9,936.0,921.35,934.0,5096825
2018-03-14 10:00:00,928.8,932.05,919.2,931.55,6731530
2018-03-15 10:00:00,925.0,929.45,910.0,911.0,5811424
2018-03-16 10:00:00,909.0,909.7,886.05,904.0,14087564
2018-03-19 10:00:00,901.0,906.9,892.0,895.0,5774392
2018-03-20 10:00:00,893.3,904.0,887.05,892.0,6945721
2018-03-21 10:00:00,894.85,902.35,893.3,896.0,6727261
2018-03-22 10:00:00,896.0,911.95,895.75,908.9,10116965
2018-03-23 10:00:00,890.6,900.0,889.1,892.5,10729694
